810278094
604224214
405505982
849208823
983613049
648577366
660702303
877064604
445231463
730433315
164734030
437840901
406644374
712513688
451675585
979509827
013769468
315795762
020692313
978715511
789167076
821976110
185932994
305186058
424313592
370691207
183827381
775794290
847621198
013787808
906133918
275220207
182305922
419357342
512417881
559091956
791477263
137916842
558189753
166190118
688754699
916781153
247600998
280930868
391701986
546583341
375508550
082413242
020632590
455921171
355672924
457172641
236478147
418558674
183362615
400494534
325825831
605450342
845698117
050602318
654053533
976188536
124852115
682425153
845531107
590039237
064204009
703746067
456144471
302671250
612022518
960281983
514316165
001007157
854763488
893124311
335511362
834272745
808769190
791581638
740717580
783807690
977627426
597629430
756914428
969600132
389011179
794284904
673207630
722060804
518129707
562037853
264978637
492211964
822594588
667280123
299761115
121290396
071841276
470182583
