769897722
487761795
755719891
772281428
743862886
557222693
681260830
265714933
438563931
191618983
333567809
354054377
217335885
429765078
633583335
919469649
703579814
097763120
884525485
783929907
769380970
026713159
584825686
067364155
391613162
845096880
168563483
143041266
513498647
896144972
343401532
137980675
976805108
580071853
701751454
334558728
013118548
776509281
367053549
653339126
105022795
885363544
060812689
193284989
902750688
327549531
866144366
073703029
771052283
760490859
454703205
103171454
699814595
604615856
691531102
668511733
845620704
447467248
004473524
126476131
031398548
146218259
103921967
946641108
109930058
474494427
687971643
770965925
430928410
966317528
969193082
689764434
073759968
577796948
311342242
064943060
968910222
179843580
630498493
634368231
804154557
629854129
589135311
322612753
442845324
690928878
436209244
519394127
089373489
865141556
983176929
652261943
703223124
407837905
390098080
070302755
187344816
930666535
705880469
223203954
326054284
029971843
127355568
889776254
752862579
329420019
101545367
492429731
395708400
049884069
443696262
370335795
090381745
544499466
225335459
999669054
374773678
995653535
270431660
753158173
563770170
732538686
858405764
288941480
984105420
563048282
905722294
249483498
980515179
030205329
148125719
924370906
762824171
204320636
762523101
334823122
414642056
432347476
816798741
551265874
119636409
495786684
185416710
420088978
405168198
234658320
823428304
360672552
149944659
922802314
813151007
579447873
441283360
518416439
914448344
140694398
251390824
447283684
242630904
982761749
174900724
016361972
253443234
817884927
092390903
358245002
976676472
644493161
138291024
159194497
780974625
491412694
127775179
822042122
216358833
054170297
814287870
667419931
879540868
759088541
119309587
865784025
670921019
632316342
622209906
309013258
850061311
158255755
024671504
794631973
373934085
754539791
227939822
678402193
983123019
342012616
268736946
665536630
323185366
677491498
621505320
052880946
303258719
424323553
174220881
329382933
205299985
112787792
954118150
390220972
759693528
311578634
556550579
692202071
042409139
367720044
631909326
736783691
411634671
245907312
209505635
994124407
685595013
563830157
191569262
955697737
887412275
930944047
166542036
869284038
844622403
635619092
695380541
918136978
230085464
990404581
709822455
738146482
900863070
073075589
050240525
772691840
232597712
731653130
818744248
898758587
233209588
786274438
977906416
490319675
109674474
747895903
406841679
580335450
706135206
819902752
488939282
726898875
633525117
344490082
078235505
139610437
796338673
009651542
501171022
985508215
727375652
784578386
056867812
316258003
872861241
450911702
829157402
931161448
507354533
144386247
895307333
137286843
285046867
714853459
241029824
605541569
289739986
232312480
371811757
854289485
926033252
832248727
288682409
444540382
273841468
705235536
689460896
596956468
229373285
128917165
669396849
795236367
576218936
640509434
270193493
649946772
013426335
775590539
320743898
795137824
069929282
996994198
449108640
126514794
194560903
087773397
984295308
028610231
207290264
966442984
998551591
708648802
058371813
451089446
240520600
984172242
339317303
628794089
564257952
896661465
061718110
588838277
975162651
059178900
040168548
425670858
449781266
851142007
421641961
485223849
400280487
719032104
942658355
649541601
787657142
424364441
195317019
041007661
626614906
088101962
810373283
320377431
323228545
897892900
393142084
763474915
845643401
060419260
549102674
181190118
435087501
384490233
937304938
637791636
306733771
880123353
912873299
635064672
846463661
193451517
616423602
329266070
923795476
918526655
070860008
074006303
778827521
813373609
562113732
339523118
016891988
814142833
283033126
727681737
108874778
716263158
714950398
886892090
253019679
731787403
840688210
881743039
331883088
250358618
791450149
657133599
994215392
118796124
283496194
250057152
202845648
877886334
026991979
570598113
338757113
018342288
759827616
639414488
561327188
901900962
173444980
301520806
460570859
132995739
309913706
571249460
911944584
326279825
597172750
542976219
158339321
081561053
097930965
964321330
718744585
817277180
902693085
758212267
739163952
100486523
006271419
456285071
854298271
166861026
605988713
643732138
447109072
357285756
887892445
950194769
520532021
197052458
728927686
538519425
747272257
071082976
240291679
237782461
927283955
961383411
137434511
922815739
834403904
831266797
622764379
930670117
326020449
627401623
232115952
890449477
391747850
642330411
618922814
574986247
278275684
850404815
821096762
753821764
311536132
526349210
524645414
951347711
402466802
781026826
632196710
766606063
533795987
930202934
938561970
324171599
640920810
669914371
312188898
167767717
961409249
468082225
717350823
449974430
233228875
135895807
954645295
731090001
235389629
968872399
416110734
718621879
644943575
023773138
044297104
663066585
809462878
584260762
890160780
924303118
384637377
445178347
406424216
641266955
876958270
885754605
027250646
295036567
753242149
211255940
525414703
581997360
521874599
889102946
180174714
935639700
319986036
613133265
085232886
348263252
970632124
469608763
998781336
255966146
971706252
089907625
879412285
653792950
639405943
256673242
280407727
063614719
706605684
415379007
166734807
038495881
124723551
960924422
422380008
418915237
906732165
983206496
258067634
352655110
973278283
722869237
894493230
637720120
909496846
858168889
752565341
111560919
348472022
786731536
631913330
230768094
753939319
625336646
380621572
972719406
162454135
355337420
669099827
825326401
582816033
457772471
854467254
627851430
826450887
152766846
499467446
089346240
736010179
804351597
514891934
179832410
259297852
622529233
802910158
003906830
328997673
859128588
751590045
738893623
592739048
363552172
229375266
636756034
238155981
095911613
042035340
606855718
291120873
578159811
627567334
464454672
580526694
396791609
151303373
045335196
895938614
171307599
864674373
548655852
892459477
582689685
376704479
663780115
100696292
594164440
042811552
166703571
723840049
489130630
001181877
196091367
605783398
733678068
771183979
645322560
382479426
593513326
368502661
886275187
731961772
038805218
171839867
137489494
807382307
055866801
616083661
206481675
400685995
053252601
871215714
159489712
473690802
074990913
623938414
572501861
957402790
513278122
324687913
988725836
403445568
428702726
931567486
223617534
678311764
738262713
239051048
007401652
348528802
840485678
665215676
394494767
205952584
173500520
296295630
581511861
058829011
095141493
448626473
501533113
263740389
794693726
850492448
740056491
054630334
248422627
687027271
109128371
660333162
667985489
870854620
477104908
267642159
944120694
178708925
232247813
091166742
793684646
388846242
264822457
279077876
505673742
335145578
391002148
823390971
957232094
541855466
370342976
378905936
486274625
831457767
103583536
573650369
932516932
389148347
433541823
334419056
450519525
343222081
491411991
860680329
708518158
992896351
991317809
284882081
743953628
737166479
684248544
474529002
086855755
548209754
377367681
636491486
021992072
061114611
380267919
376100383
293735882
509472227
512516383
426784326
639857483
311098037
559881539
131943627
427311482
729474013
506054487
169666907
893727285
683536786
487837964
215437383
088715327
519060270
307797199
596976395
935461153
894736553
933002075
077113016
350711139
166071275
188379173
405977035
348639661
230608287
846110146
150234190
342393144
325613959
364065937
544174844
497334259
911959938
963314387
848394143
425258557
457546032
404717930
890273178
682452335
386664815
148213865
409107732
453432260
947009921
783279669
926296094
747669620
229954849
005960041
274048035
425281843
976888461
244613549
847901123
162457602
579177086
436869778
792926641
357639810
155959160
207006352
741424909
787841209
148949561
369070112
733658899
908394825
521026894
434930275
806969347
011424948
072776181
725352741
248035773
097898408
093674281
444505454
442906364
133591520
100765167
066065639
946265459
095734876
122308832
803953082
000304246
201072857
632085348
761629714
487445477
789173596
089536112
580555247
731575924
416554563
539982126
538188128
688548252
037697234
215614382
558730165
271075847
102337683
050651986
308763421
989177152
968850525
765617123
348551370
098885680
616850273
517662150
280596775
078772447
891335120
535921596
039366993
809112235
889824403
201611105
091706211
693667422
308638798
615531763
579887488
432566402
142849844
623272520
959803552
092523650
532266587
220982565
440734526
035576058
350663859
719928958
658601816
749911008
208461991
397259125
727502182
216143143
335106263
908225528
059900897
847826112
513151608
512635587
884250962
243532451
314838219
073231212
744591276
977074673
876142835
991689914
225251110
067072653
287507257
673802367
681663399
030785582
860401000
280683603
035731680
243807112
975502402
898268376
491277809
317043813
475364793
110465562
740946148
511468754
045220835
894173339
708862976
776982970
598013413
317503162
076596111
385472356
211720876
515967136
269781751
738195011
368508415
782786876
780023747
917569150
922324090
919258625
377853087
374029153
575360720
340001177
771427028
019408473
008258150
688562670
278982822
261070148
061413501
784433344
806319757
772729167
986638710
894121513
399494283
061729207
053831760
233251247
981318005
693705923
277101938
986126976
369582033
737495839
168204182
369014277
808346290
329554101
810167651
987854532
365965366
081717662
284632848
848667584
444125011
222686020
421163002
728558088
944133272
948747991
459218920
403060082
356414225
217316389
541602909
685153306
182778148
544941562
089895228
177775290
483857218
216812801
972203592
633097509
019754675
224728464
064376542
575957620
576489177
593672638
807714899
899163203
566184697
018011129
087971955
242344997
758207045
173350243
423676487
519503946
759025838
839531451
256405129
028255067
383385275
700806152
588538723
525844182
381940362
